function P = new(time)
%NEW
%    P = NEW(TIME)

%    This function was generated by the Symbolic Math Toolbox version 9.2.
%    18-Jul-2023 16:32:23

t2 = time.^2;
t3 = time.^3;
t4 = sqrt(3.0);
t5 = t4.*5.0;
t7 = t4.*1.0e+1;
t8 = t4.*1.5e+1;
t6 = -t5;
t9 = -t7;
t10 = -t8;
t14 = (t5-time).^2;
t15 = -(t5-time).^3;
t16 = (t7-time).^2;
t17 = -(t7-time).^3;
t18 = (t8-time).^2;
t19 = -(t8-time).^3;
t11 = t6+time;
t12 = t9+time;
t13 = t10+time;
mt1 = [t2.*(4.0./1.75e+2)-(t3.*t4)./1.575e+3+t4.*time.*1.328685335719816e-18,t2.*(6.0./1.75e+2)-t3.*t4.*1.396825396825397e-3-t4.*time.*3.226807243890985e-18];
mt2 = [t2./5.0e+1-(t3.*t4)./2.25e+3-t4.*time.*1.09238875987015e-17,t14.*(-1.0./1.75e+2)-t4.*(t5-time).*(3.0./3.5e+1)-(t4.*(t5-time).^3)./7.875e+3+1.0,t14.*(-1.0./3.5e+1)-(t4.*(t5-time))./3.5e+1-(t4.*(t5-time).^3)./1.575e+3+1.0];
mt3 = [t14./1.801439850948198e+18-(t4.*(t5-time))./1.0e+1+(t4.*(t5-time).^3)./2.25e+3+1.0,t16.*(-2.960594732333751e-18)-t4.*(t7-time).*(2.0./3.5e+1)-(t4.*(t7-time).^3)./7.875e+3+2.0,t16.*(-8.141635513917815e-18)+t4.*(t7-time).*(4.0./3.5e+1)-(t4.*(t7-time).^3)./1.575e+3];
mt4 = [t16.*(-1.0./5.0e+1)+t4.*(t7-time).*1.295260195396016e-17-(t4.*(t7-time).^3)./2.25e+3+2.0,t18./1.75e+2-t4.*(t8-time).*(3.0./3.5e+1)+(t4.*(t8-time).^3)./1.575e+3+3.0,t18./3.5e+1-(t4.*(t8-time))./3.5e+1+t4.*(t8-time).^3.*1.396825396825397e-3-1.0,t18.*(-5.921189464667502e-18)+(t4.*(t8-time))./1.0e+1-(t4.*(t8-time).^3)./2.25e+3+1.0];
P = reshape([mt1,mt2,mt3,mt4],3,4);
