function P = pos(time)
%POS
%    P = POS(TIME)

%    This function was generated by the Symbolic Math Toolbox version 9.2.
%    09-Sep-2023 17:12:28

t2 = time.^2;
t3 = time.^3;
t4 = sqrt(3.0);
t5 = t4.*2.0;
t6 = t4.*3.0;
t7 = -t4;
t13 = (t4-time).^2;
t14 = -(t4-time).^3;
t8 = -t5;
t9 = -t6;
t10 = t7+time;
t15 = (t5-time).^2;
t16 = -(t5-time).^3;
t17 = (t6-time).^2;
t18 = -(t6-time).^3;
t11 = t8+time;
t12 = t9+time;
mt1 = [t2.*(4.0./7.0)-t3.*t4.*(5.0./6.3e+1)-t4.*time.*5.683524622473129e-17,t2.*(6.0./7.0)-t3.*t4.*(1.1e+1./6.3e+1)-t4.*time.*1.033316750089577e-16];
mt2 = [t2./2.0-(t3.*t4)./1.8e+1-t4.*time.*4.177954765525348e-17,t13.*(-1.0./7.0)-t4.*(t4-time).*(3.0./7.0)-(t4.*(t4-time).^3)./6.3e+1+1.0,t13.*(-5.0./7.0)-(t4.*(t4-time))./7.0-t4.*(t4-time).^3.*(5.0./6.3e+1)+1.0,t13.*(-4.625929269271486e-17)-(t4.*(t4-time))./2.0+(t4.*(t4-time).^3)./1.8e+1+1.0];
mt3 = [t15./1.351079888211149e+16-t4.*(t5-time).*(2.0./7.0)-(t4.*(t5-time).^3)./6.3e+1+2.0,t15./1.801439850948198e+16+t4.*(t5-time).*(4.0./7.0)-t4.*(t5-time).^3.*(5.0./6.3e+1),t15.*(-1.0./2.0)-(t4.*(t5-time).^3)./1.8e+1+2.0,t17./7.0-t4.*(t6-time).*(3.0./7.0)+t4.*(t6-time).^3.*(5.0./6.3e+1)+3.0,t17.*(5.0./7.0)-(t4.*(t6-time))./7.0+t4.*(t6-time).^3.*(1.1e+1./6.3e+1)-1.0];
mt4 = [(t4.*(t6-time))./2.0-(t4.*(t6-time).^3)./1.8e+1+1.0];
P = reshape([mt1,mt2,mt3,mt4],3,4);
