function V = vel(time)
%VEL
%    V = VEL(TIME)

%    This function was generated by the Symbolic Math Toolbox version 9.2.
%    09-Sep-2023 17:12:28

t2 = time.^2;
t3 = sqrt(3.0);
t4 = time.*(2.0./7.0);
t5 = time.*(1.0e+1./7.0);
t6 = t3.*2.0;
t7 = t3.*3.0;
t8 = -t3;
t14 = (t3-time).^2;
t9 = -t6;
t10 = -t7;
t11 = t8+time;
t15 = (t6-time).^2;
t16 = (t7-time).^2;
t12 = t9+time;
t13 = t10+time;
mt1 = [t3.*(-5.683524622473129e-17)+time.*(8.0./7.0)-t2.*t3.*(5.0./2.1e+1),t3.*(-1.033316750089577e-16)+time.*(1.2e+1./7.0)-t2.*t3.*(1.1e+1./2.1e+1),t3.*(-4.177954765525348e-17)+time-(t2.*t3)./6.0];
mt2 = [t3.*(5.0./7.0)-t4+(t3.*t14)./2.1e+1,t3.*(1.1e+1./7.0)-t5+t3.*t14.*(5.0./2.1e+1),t3.*5.000000000000001e-1-time.*9.251858538542971e-17-(t3.*t14)./6.0,t3.*2.857142857142854e-1+time./6.755399441055744e+15+(t3.*t15)./2.1e+1];
mt3 = [t3.*(-5.714285714285717e-1)+time./9.007199254740992e+15+t3.*t15.*(5.0./2.1e+1),t6-time+(t3.*t15)./6.0,t3.*(-3.0./7.0)+t4-t3.*t16.*(5.0./2.1e+1),t3.*(-2.9e+1./7.0)+t5-t3.*t16.*(1.1e+1./2.1e+1),t3.*(-1.0./2.0)+(t3.*t16)./6.0];
V = reshape([mt1,mt2,mt3],3,4);
